n = 12-15, 1000 experiments each
Seed: 815262810763038804

n : 12
No convex 10-gon on 12 x 12 grid
Grid X
    0.0
    1.0
    0.7506532167287803
    0.19467632118583178
    0.02884963424671072
    0.6835213433874817
    0.8554030446832698
    0.40357589844879793
    0.46816161179232985
    0.584040633882717
    0.6191358432385049
    0.5580985987443756
Grid Y
    0.0
    1.0
    0.5423563989146585
    0.15436501663380087
    0.4856310063926811
    0.8193449296629661
    0.8230477086381233
    0.48409873499946465
    0.46382276234412123
    0.5603824291514974
    0.8217386597001191
    0.4182475968021204
Polygon (k = 9)
    0.46816161179232985 1.0
    0.40357589844879793 0.4182475968021204
    0.8554030446832698  0.5423563989146585
    0.6835213433874817  0.46382276234412123
    0.02884963424671072 0.4856310063926811
    0.19467632118583178 0.8193449296629661
    0.7506532167287803  0.48409873499946465
    1.0 0.8230477086381233
    0.0 0.5603824291514974

n : 13
No convex 11-gon on 13 x 13 grid
Grid X
    0.0
    0.8651876302752664
    0.44946480874368266
    0.47443483773700823
    0.09604263220508968
    1.0
    0.41630296450521764
    0.508396901981089
    0.41412277262253105
    0.5896575528916335
    0.3965538442829234
    0.442679472254623
    0.29459482055206343
Grid Y
    0.0
    0.026907568044888586
    0.5885727169652707
    0.16976502917685432
    0.43316336200686434
    0.0860222557211825
    0.7418468960937674
    0.386522700541688
    1.0
    0.35286213268809463
    0.7844985632893791
    0.49808269138204286
    0.8891991437217077
Polygon (k = 10)
    0.5896575528916335  0.16976502917685432
    0.41412277262253105 0.0
    0.508396901981089   0.0860222557211825
    0.41630296450521764 0.7418468960937674
    1.0 1.0
    0.09604263220508968 0.49808269138204286
    0.47443483773700823 0.7844985632893791
    0.44946480874368266 0.026907568044888586
    0.8651876302752664  0.5885727169652707
    0.0 0.386522700541688

n : 14
No convex 12-gon on 14 x 14 grid
Grid X
    0.0
    0.7331668490143312
    0.19048677638692546
    0.559670471280964
    0.164380025207715
    0.5064073757437579
    0.5324499472411603
    0.564585054017841
    1.0
    0.3521084779032022
    0.5308234428562159
    0.5251292323118321
    0.6103297857300027
    0.8915287820610971
Grid Y
    0.0
    0.6651915690939596
    0.5048402859104133
    0.6078502931901649
    0.7889002387305312
    0.18640805294108942
    0.11465618690402979
    0.5604357374352134
    0.32854348097412467
    0.9023625525712556
    1.0
    0.9269740764893017
    0.4653696852897501
    0.6244317861087607
Polygon (k = 11)
    0.6103297857300027  0.6651915690939596
    0.5308234428562159  0.5048402859104133
    0.3521084779032022  0.32854348097412467
    0.564585054017841   0.9269740764893017
    0.5324499472411603  0.9023625525712556
    0.5064073757437579  0.4653696852897501
    0.164380025207715   0.6078502931901649
    0.559670471280964   0.5604357374352134
    0.19048677638692546 0.18640805294108942
    0.7331668490143312  1.0
    0.0 0.11465618690402979

n : 15
No convex 13-gon on 15 x 15 grid
Grid X
    0.0
    0.9153923048252797
    0.06927041737109385
    0.32749930668813587
    0.4167274025888177
    0.5009487232589692
    1.0
    0.6288487468397659
    0.6715131062737267
    0.2709560124860797
    0.5130567083241684
    0.6254117831780914
    0.4933540984157232
    0.9033992556089834
    0.7344741174187549
Grid Y
    0.0
    0.4465721457425599
    0.8422622102152016
    0.4985659993830016
    0.35078200443379093
    0.41501988051499616
    0.4862102207611876
    0.3217084339961319
    0.31796129947153795
    1.0
    0.24958124055769937
    0.7361399451897903
    0.9799911228908273
    0.43469735664519227
    0.06261022425253626
Polygon (k = 12)
    0.9033992556089834  0.4985659993830016
    0.4933540984157232  0.3217084339961319
    0.6254117831780914  0.7361399451897903
    0.2709560124860797  0.4862102207611876
    0.6715131062737267  0.24958124055769937
    1.0 0.41501988051499616
    0.5009487232589692  0.31796129947153795
    0.4167274025888177  0.8422622102152016
    0.32749930668813587 0.43469735664519227
    0.06927041737109385 1.0
    0.9153923048252797  0.35078200443379093
    0.0 0.9799911228908273
